[1 0 2 1]   [0 1 0 1]
[4 1 1 0]   [2 1 0 4]
[0 1 3 0]   [2 0 1 1]
[5 0 2 1]   [1 3 5 0]

a1 =
[1 0]
[4 1]

a2 =
[2 1]
[1 0]

a3 =
[0 1]
[5 0]

a4
[3 0]
[2 1]

b1
[0 1]
[2 1]

b2
[0 1]
[0 4]

b3
[2 0]
[1 3]

b4
[1 1]
[5 0]

[a1 a2] [b1 b2]
[a3 a4] [b3 b4]

[a1*b1 + a2*b3  |   a1*b2 + a2*b4]
[a3*b1 + a4*b3  |   a3*b2 + a4*b4]

-------------------------------------------------------------------
a1*b1
[1 0] [0 1] = [0 1]
[4 1] [2 1] = [2 5]

a2*b3
[2 1] [2 0] = [5 3]
[1 0] [1 3] = [2 0]

a1*b1 + a2*b3
[5 4]
[4 5]
-------------------------------------------------------------------
a1*b2
[1 0] [0 1] = [0 1]
[4 1] [0 4] = [0 8]

a2*b4
[2 1][1 1] = [7 2]
[1 0][5 0] = [1 1]

a1*b2 + a2*b4
[7 3]
[1 9]
-------------------------------------------------------------------
a3*b1
[0 1][0 1] = [2 1]
[5 0][2 1] = [0 5]

a4*b3
[3 0][2 0] = [6 0]
[2 1][1 3] = [5 3]

a3*b1 + a4*b3
[8 1]
[5 8]
-------------------------------------------------------------------
a3*b2
[0 1][0 1] = [0 4]
[5 0][0 4] = [0 5]

a4*b4
[3 0][1 1] = [3 3]
[2 1][5 0] = [7 2]

a3*b2 + a4*b4
[3 7]
[7 7]
-------------------------------------------------------------------

[a1 a2] [b1 b2]
[a3 a4] [b3 b4]

=

[5 4 7 3]
[4 5 1 9]
[8 1 3 7]
[5 8 7 7]
